<!DOCTYPE HTML>
<html>
   <head>
      <meta charset="UTF-8">
      <title></title>
      <meta http-equiv="content-type" content="text/html; charset=utf-8" />
      <META HTTP-EQUIV="Pragma" CONTENT="no-cache">
      <META HTTP-EQUIV="Cache-Control" CONTENT="no-cache">
      <META HTTP-EQUIV="Cache-Control" CONTENT="max-age=0">
      <META HTTP-EQUIV="Expires" CONTENT="0">
<style>

html,div, span, object, iframe, h1, h2, h3, h4, h5, h6, p, blockquote, pre, abbr, address, cite, code, del, dfn, em, img, ins, kbd, q, samp, small, strong, sub, sup, var, b, i, dl, dt, dd, ol, ul, li, fieldset, form, label, legend, table, caption, tbody, tfoot, thead, tr, th, td, article, aside, figure, footer, header, hgroup, menu, nav, section, time, mark, audio, video {
border : 0;
outline : 0;
font-size : 100%;
background : transparent;
margin : 0;
padding : 0;
}
html, body {
height : 100%;
}
body {

    color: #000;
    margin: 0;
    padding: 0;
	border:0;
	width:100%;
	background:transparent;
	min-width:600px;
	font-family : Arial,simsun;
    font-size : 100%;
}
</style>
   </head>
   <body>
<div>
<pre style="font-family: Arial, simsun;font-size:14px; margin: 1px;padding: 1px;">
111   [33, 21, 30, 04, 48, 25]   [21, 33, 62, 13, 25, 30]   [13, 29, 31, 64, 11, 66]
112   [34, 67, 63, 42, 49, 71]   [42, 50, 03, 63, 25, 57]   [03, 32, 57, 25, 28, 19]
113   [34, 60, 24, 25, 09, 70]   [24, 35, 50, 25, 15, 60]   [35, 25, 45, 15, 55, 05]
114   [32, 34, 58, 40, 63, 50]   [63, 34, 17, 18, 43, 72]   [41, 42, 40, 43, 39, 44]
115   [09, 13, 08, 04, 39, 61]   [13, 60, 43, 61, 24, 39]   [13, 20, 59, 34, 41, 53] ▲▲
116   [58, 22, 61, 45, 14, 42]   [31, 50, 59, 54, 16, 26]   [12, 20, 27, 69, 04, 19]
122   [54, 08, 14, 72, 37, 66]   [72, 57, 40, 25, 54, 13]   [05, 13, 43, 67, 29, 71]
123   [04, 30, 07, 49, 27, 02]   [32, 02, 07, 27, 13, 17]   [13, 17, 27, 32, 46, 68]
124   [71, 10, 16, 49, 02, 33]   [61, 47, 27, 33, 06, 02]   [02, 06, 19, 05, 33, 09]
125   [47, 66, 07, 08, 65, 26]   [37, 58, 66, 38, 45, 53]   [12, 30, 37, 53, 05, 19]
126   [06, 03, 14, 44, 36, 47]   [46, 32, 38, 06, 08, 40]   [06, 04, 12, 14, 02, 48] ▲ ▲
133   [20, 69, 72, 45, 08, 55]   [60, 51, 72, 59, 39, 19]   [39, 51, 72, 38, 40, 50]
134   [16, 05, 20, 22, 04, 49]   [40, 49, 57, 06, 52, 55]   [59, 61, 57, 44, 11, 13]
135   [14, 71, 10, 30, 01, 35]   [14, 30, 27, 43, 32, 19]   [15, 43, 04, 20, 22, 38] ▲▲
136   [64, 11, 70, 21, 54, 38]   [12, 31, 68, 64, 72, 62]   [02, 06, 12, 27, 50, 60]
144   [18, 54, 52, 24, 49, 56]   [34, 56, 27, 63, 54, 33]   [22, 23, 51, 21, 19, 52]
145   [40, 19, 17, 18, 51, 07]   [02, 72, 19, 22, 01, 06]   [06, 22, 38, 46, 62, 30]
146   [34, 16, 09, 03, 43, 14]   [07, 59, 24, 27, 34, 16]   [07, 24, 31, 42, 59, 13] ▲▲
155   [02, 56, 13, 50, 45, 72]   [50, 69, 07, 66, 72, 45]   [22, 11, 18, 29, 42, 49]
156   [48, 36, 38, 51, 07, 04]   [48, 32, 26, 15, 22, 07]   [26, 41, 67, 14, 29, 38] ▲▲
166   [31, 39, 41, 10, 51, 34]   [22, 25, 31, 68, 71, 13]   [27, 01, 18, 36, 10, 12]
222   [58, 72, 15, 40, 33, 53]   [15, 40, 61, 34, 38, 67]   [61, 38, 08, 18, 28, 51]
223   [06, 65, 17, 48, 45, 64]   [18, 25, 06, 30, 11, 72]   [60, 72, 06, 08, 18, 41]
224   [05, 10, 71, 50, 66, 28]   [19, 58, 18, 35, 62, 02]   [06, 10, 63, 23, 27, 46]
225   [59, 18, 40, 30, 06, 17]   [59, 05, 15, 41, 49, 31]   [13, 15, 41, 58, 59, 32] ▲▲
226   [01, 16, 26, 72, 30, 59]   [58, 01, 05, 04, 33, 44]   [01, 16, 26, 06, 36, 51] ▲▲
233   [05, 49, 04, 11, 60, 03]   [14, 05, 48, 43, 23, 39]   [64, 05, 14, 08, 30, 39]
234   [09, 40, 14, 21, 64, 71]   [16, 09, 21, 40, 14, 19]   [21, 26, 16, 31, 39, 68]
235   [53, 24, 10, 69, 62, 67]   [24, 56, 37, 11, 69, 10]   [10, 24, 67, 11, 37, 23]
236   [32, 17, 08, 23, 36, 56]   [16, 53, 32, 52, 08, 05]   [03, 27, 35, 63, 11, 39]
244   [42, 29, 03, 01, 44, 34]   [29, 31, 33, 49, 42, 47]   [42, 23, 47, 68, 05, 66] ▲ ▲
245   [33, 31, 41, 16, 13, 01]   [17, 33, 11, 13, 14, 54]   [01, 06, 08, 09, 41, 44] ▲
246   [18, 19, 35, 61, 08, 03]   [08, 09, 30, 07, 28, 49]   [08, 09, 17, 18, 29, 30] ▲▲
255   [22, 04, 06, 19, 26, 07]   [37, 42, 59, 06, 40, 22]   [22, 21, 24, 72, 19, 25] ▲ ▲
256   [08, 40, 01, 47, 41, 57]   [08, 01, 50, 40, 15, 31]   [08, 15, 34, 50, 31, 69] ▲▲▲
266   [37, 28, 41, 22, 13, 68]   [22, 28, 13, 01, 07, 40]   [01, 12, 13, 34, 06, 07]
333   [24, 58, 26, 43, 59, 20]   [11, 17, 24, 59, 46, 43]   [11, 43, 72, 01, 24, 30] ▲▲
334   [06, 57, 02, 46, 68, 12]   [06, 72, 19, 68, 21, 34]   [21, 04, 31, 66, 48, 03] ▲▲
335   [70, 02, 27, 32, 69, 26]   [32, 02, 23, 66, 05, 25]   [02, 23, 01, 03, 22, 24]
336   [23, 09, 15, 16, 40, 37]   [36, 16, 47, 66, 37, 06]   [06, 16, 37, 05, 17, 53]
344   [18, 38, 15, 61, 20, 09]   [09, 20, 38, 61, 58, 40]   [18, 59, 35, 43, 02, 12] ▲ ▲
345   [38, 10, 21, 45, 05, 49]   [54, 60, 39, 15, 45, 24]   [02, 13, 26, 37, 08, 49] 44 12 33 
346   [07, 25, 33, 02, 11, 56]   [27, 28, 11, 58, 59, 56]   [29, 06, 59, 36, 05, 07] 55 14 15
355   [16, 11, 55, 07, 46, 02]   [24, 12, 66, 17, 59, 36]   [07, 36, 43, 01, 12, 31]
356   [15, 69, 30, 32, 08, 50]   [34, 15, 47, 49, 54, 08]   [08, 15, 54, 07, 34, 47]
366   [55, 23, 72, 06, 64, 47]   [47, 15, 38, 06, 64, 25]   [22, 25, 71, 13, 54, 57]
444   [39, 13, 59, 21, 68, 29]   [68, 30, 02, 11, 10, 29]   [02, 60, 28, 09, 49, 32]
445   [12, 43, 37, 34, 10, 29]   [28, 06, 26, 48, 10, 52]   [10, 27, 52, 12, 25, 37]
446   [33, 07, 17, 38, 23, 16]   [36, 10, 52, 05, 41, 07]   [46, 62, 65, 05, 10, 13]
455   [55, 28, 31, 01, 43, 69]   [55, 02, 61, 50, 67, 18]   [55, 51, 57, 49, 61, 04] ▲▲▲
456   [06, 16, 05, 67, 32, 51]   [03, 53, 67, 27, 48, 24]   [27, 40, 07, 14, 53, 20]
466   [11, 28, 53, 12, 15, 54]   [09, 26, 10, 40, 53, 11]   [09, 47, 48, 62, 08, 10]  ▲▲
555   [41, 25, 71, 09, 11, 49]   [14, 11, 41, 04, 15, 25]   [14, 03, 25, 11, 17, 28]  ▲▲
556   [34, 62, 18, 32, 49, 30]   [69, 01, 15, 22, 34, 64]   [32, 69, 42, 59, 17, 24]
566   [09, 59, 71, 17, 58, 65]   [09, 65, 18, 37, 56, 62]   [12, 15, 27, 56, 59, 05] ▲▲
666   [45, 32, 67, 02, 70, 21]   [02, 41, 62, 11, 37, 60]   [60, 31, 70, 21, 50]
155 244 - 334 446 113 455 - 255 344 144 233 556 122 - 366 112 - 236 134 135 - 126 156 256
</pre></div> </body></html>
